,Name,Type 1,Type 2,Filename,Number,Train,aqua,black,blue,fuchsia,green,gray,lime,maroon,navy,olive,purple,red,silver,teal,white,yellow
0,mr. mime,Psychic,Fairy,162.png,122,False,0.0,36.139332365747464,0.0,0.0,0.04837929366231253,22.883405902273825,0.0,2.515723270440252,2.3222060957910013,0.0,1.3062409288824384,0.0,13.546202225447509,12.723754233188195,8.514755684567005,0.0
1,tapu lele,Psychic,Fairy,945.png,786,False,0.0,30.007674597083657,0.0,0.0,0.23023791250959325,37.45203376822717,0.0,8.44205679201842,0.07674597083653108,0.0,9.439754412893322,0.0,12.202609363008442,0.3069838833461243,1.841903300076746,0.0
2,diglett,Ground,,64.png,50,False,0.0,28.863346104725412,0.0,0.0,0.0,59.642401021711365,0.0,1.532567049808429,0.0,0.8939974457215836,0.38314176245210724,0.0,8.301404853128991,0.0,0.38314176245210724,0.0
3,anorith,Rock,Bug,426.png,347,False,0.0,41.87279151943463,0.0,0.0,0.35335689045936397,37.014134275618375,0.0,2.1201413427561837,0.0,0.0,0.08833922261484099,0.26501766784452296,16.166077738515902,0.35335689045936397,1.76678445229682,0.0
4,shiftry,Grass,Dark,345.png,275,False,0.0,21.245618765165812,0.0,0.0,1.6446481531410084,37.53033162577514,0.0,1.9951469398759776,0.0,2.669183068212456,0.026961445133459154,0.0,11.539498517120519,9.84092747371259,13.507684011863036,0.0
5,lileep,Rock,Grass,424.png,345,False,0.0,40.59469941822883,0.0,0.0,0.0,27.66645119586296,0.0,2.262443438914027,0.7110536522301228,0.5817711700064642,1.098901098901099,0.0,27.020038784744667,0.0,0.06464124111182934,0.0
6,sentret,Normal,,215.png,161,False,0.0,27.37467018469657,0.0,0.0,0.0,51.45118733509235,0.0,2.242744063324538,0.0,1.8469656992084433,0.1978891820580475,0.0,11.939313984168866,0.0,4.947229551451187,0.0
7,marill,Water,Fairy,238.png,183,False,15.410016510731975,29.554210236653827,0.0,0.0,0.0,16.51073197578426,0.0,0.2201430930104568,0.9356081452944414,4.3478260869565215,0.0,0.0,16.78591084204733,6.384149697303247,9.851403412217943,0.0
8,sandshrew,Ground,,37.png,27,False,0.0,23.852573018080665,0.0,0.0,0.0,26.14742698191933,0.0,0.9040333796940195,0.48678720445062584,12.934631432545201,0.0,0.0,30.3894297635605,0.0,5.285118219749652,0.0
9,cherrim,Grass,,520.png,421,False,0.0,25.515151515151512,0.0,0.0,14.909090909090908,40.96969696969697,0.0,2.0606060606060606,1.2727272727272727,0.0,14.060606060606059,0.0,1.1515151515151514,0.06060606060606061,0.0,0.0
10,electabuzz,Electric,,166.png,125,False,0.0,33.01613570541994,0.0,0.0,0.08274720728175423,5.626810095159288,0.0,1.034340091021928,0.2896152254861398,31.278444352503104,0.0,0.0,0.8274720728175424,0.0,0.16549441456350847,27.678940835746797
11,yamper,Electric,,997.png,835,False,0.0,22.90622763063708,0.0,0.0,0.28632784538296346,31.85397279885469,0.0,0.28632784538296346,0.0,4.652827487473156,0.0,0.0,18.468146027201147,0.0,8.16034359341446,13.385826771653544
12,sawsbuck,Normal,Grass,711.png,586,False,0.0,39.90077958894401,0.0,0.0,0.0,32.9553508150248,0.0,8.788093550673281,0.0,7.44153082919915,0.8504606661941885,0.0,6.66194188518781,0.0,3.401842664776754,0.0
13,ursaluna,Ground,Normal,1073.png,901,False,0.0,25.22918258212376,0.0,0.0,0.03819709702062643,46.180290297937354,0.0,23.720397249809015,0.0,1.3941940412528648,0.09549274255156609,0.0,2.177234530175707,0.0,0.6302521008403361,0.53475935828877
14,phione,Water,,601.png,489,False,0.07220216606498195,34.87364620938628,0.0,0.0,0.0,27.220216606498195,0.0,0.4332129963898917,1.371841155234657,0.0,0.0,0.0,25.992779783393498,10.036101083032491,0.0,0.0
15,mime jr.,Psychic,Fairy,539.png,439,False,0.0,39.19716646989374,0.0,0.0,0.0,39.43329397874852,0.0,0.47225501770956313,2.95159386068477,0.3541912632821724,0.47225501770956313,0.0,9.445100354191263,2.125147579693034,5.548996458087367,0.0
16,froslass,Ice,Ghost,582.png,478,False,0.0,29.72972972972973,0.0,0.0,0.0,25.896805896805898,0.0,2.113022113022113,0.09828009828009827,3.488943488943489,0.8845208845208846,1.5724815724815724,12.874692874692876,0.9828009828009828,22.358722358722357,0.0
17,wailord,Water,,398.png,321,False,37.86407766990291,17.13803292528493,0.0,0.0,0.0,7.260447446179823,0.0,0.04221190375685943,0.7176023638666104,0.04221190375685943,0.0,0.0,16.926973406500633,8.99113550021106,11.017306880540312,0.0
18,aggron,Steel,Rock,379.png,306,False,0.0,23.230003827018752,0.0,0.0,0.0,55.33869115958668,0.0,0.07654037504783774,0.5357826253348641,0.0,3.0998851894374284,0.0,11.442786069651742,0.3827018752391887,5.893608878683505,0.0
19,hitmontop,Fighting,,301.png,237,False,0.0,23.474945533769063,0.0,0.0,0.0,37.091503267973856,0.0,1.5250544662309369,0.3812636165577342,0.8714596949891068,0.0,0.0,32.73420479302832,3.213507625272331,0.7080610021786492,0.0
20,pinsir,Bug,,168.png,127,False,0.0,36.18042226487524,0.0,0.0,0.0,43.85796545105566,0.0,3.4069097888675626,0.0,1.2955854126679462,0.0,0.0,12.380038387715931,0.0,2.8790786948176583,0.0
21,magneton,Electric,Steel,112.png,82,False,0.2528445006321113,31.3527180783818,0.0,0.0,0.0,36.63084702907712,0.0,3.761061946902655,0.8217446270543615,0.0,0.18963337547408343,0.28445006321112515,15.423514538558786,4.646017699115045,6.637168141592921,0.0
22,yanma,Bug,Flying,248.png,193,False,0.0,45.18304431599229,0.0,0.0,0.4335260115606936,14.547206165703274,0.0,8.766859344894026,1.1560693641618496,10.934489402697494,0.04816955684007707,5.539499036608863,8.766859344894026,2.5529865125240847,2.071290944123314,0.0
23,hydreigon,Dark,Dragon,762.png,635,False,0.0,47.8984238178634,0.0,0.0,0.0,29.071803852889666,0.0,9.9241097489784,1.3426736719206072,0.6129597197898424,9.98248686514886,0.0,0.37945125510799765,0.7880910683012259,0.0,0.0
24,sandslash,Ground,,39.png,28,False,0.0,22.81147838721395,0.0,0.0,0.0,20.741009807482747,0.0,5.4122775154377045,0.03632401017072285,28.659644024700327,0.03632401017072285,0.0,15.54667635306938,0.03632401017072285,6.574645840900835,0.1452960406828914
25,metang,Steel,Psychic,461.png,375,False,0.0,32.04819277108434,0.0,0.0,0.0,41.63855421686747,0.0,0.2891566265060241,3.566265060240964,0.0,0.3373493975903614,0.0,4.91566265060241,17.20481927710843,0.0,0.0
26,marshadow,Fighting,Ghost,964.png,802,False,0.0,33.460656990068756,0.0,0.0,0.0,56.30252100840336,0.0,1.06951871657754,1.2987012987012987,1.3750954927425516,0.0,0.15278838808250572,0.15278838808250572,6.187929717341483,0.0,0.0
27,rattata,Normal,,25.png,19,False,0.0,39.79763912310287,0.0,0.0,0.0,32.1247892074199,0.0,0.5059021922428331,0.7588532883642496,0.16863406408094433,2.0236087689713322,0.0,19.561551433389546,0.0,5.059021922428331,0.0
28,cofagrigus,Ghost,,686.png,563,False,0.0,51.69902912621359,0.0,0.0,0.0,32.82766990291262,0.0,1.2742718446601942,0.06067961165048543,0.8495145631067961,0.06067961165048543,0.0,8.495145631067961,4.733009708737864,0.0,0.0
29,drifloon,Ghost,Flying,524.png,425,False,0.0,44.810744810744815,0.0,0.0,0.0,33.6996336996337,0.0,0.2442002442002442,0.4884004884004884,0.8547008547008548,2.0757020757020754,0.0,9.645909645909647,0.0,6.593406593406594,1.5873015873015872
30,dracovish,Water,Dragon,1048.png,882,False,0.0,28.25278810408922,0.0,0.0,2.41635687732342,17.286245353159853,0.0,14.033457249070633,0.23234200743494424,0.0,0.6505576208178439,5.297397769516729,21.189591078066915,6.877323420074349,3.763940520446097,0.0
31,espathra,Psychic,,1136.png,956,False,0.0,27.121290994273817,0.0,0.0,0.0,29.984383133784487,0.0,0.5205622071837585,0.052056220718375845,5.517959396147839,0.2602811035918792,0.0,24.93492972410203,0.0,9.734513274336283,1.8740239458615304
32,cosmog,Psychic,,948.png,789,False,19.563058589870906,38.43098311817279,0.0,0.0,0.29791459781529295,2.5819265143992056,0.0,0.19860973187686196,18.470705064548163,0.09930486593843098,7.447864945382324,0.0,1.787487586891758,11.122144985104269,0.0,0.0
33,shelgon,Dragon,,457.png,372,False,0.0,16.36219221604448,0.0,0.0,0.0,27.561556791104053,0.0,0.9928514694201748,0.03971405877680699,0.07942811755361398,0.5559968228752978,0.0,17.474185861795075,0.0,36.9340746624305,0.0
34,chespin,Grass,,784.png,650,False,0.0,37.77219430485762,0.0,0.0,2.261306532663317,14.07035175879397,0.0,7.6214405360134005,0.0,26.884422110552762,0.0,0.0,10.971524288107203,0.0,0.41876046901172526,0.0
35,vivillon,Bug,Flying,801.png,666,False,0.3814367450731087,27.06081796990888,0.0,0.0,0.04238186056367875,27.866073320618774,0.0,6.145369781733418,0.04238186056367875,0.0847637211273575,15.53295189658826,0.0,19.02945539309176,1.7164653528289893,2.097902097902098,0.0
36,seel,Water,,117.png,86,False,0.0,25.221238938053098,0.0,0.0,0.0,19.690265486725664,0.0,0.14749262536873156,0.22123893805309736,0.14749262536873156,0.14749262536873156,0.0,25.51622418879056,0.0,28.908554572271388,0.0
37,kakuna,Bug,Poison,18.png,14,False,0.0,22.46320681642138,0.0,0.0,0.0,21.68861347792409,0.0,0.8520526723470179,0.0,9.759876065065841,0.0,0.0,45.081332300542215,0.0,0.1549186676994578,0.0
38,zapdos,Electric,Flying,194.png,145,False,0.0,42.835412229996955,0.0,0.0,0.0304228780042592,19.86613933678126,0.0,1.5515667782172193,0.0,9.88743535138424,0.0,0.0,25.524794645573472,0.0,0.0608457560085184,0.2433830240340736
39,mothim,Bug,Flying,513.png,414,False,0.0,30.040160642570278,0.0,0.0,0.0,23.21285140562249,0.0,3.614457831325301,0.1606425702811245,24.096385542168676,0.1606425702811245,0.0,16.14457831325301,0.1606425702811245,2.1686746987951806,0.24096385542168677
40,poliwrath,Water,Fighting,83.png,62,False,0.0,20.34475420302192,0.0,0.0,0.0,40.41285379868057,0.0,0.0,0.8512449457331347,0.0,0.02128112364332837,0.0,13.68376250266014,4.0221323685890615,20.663971057671844,0.0
41,tarountula,Bug,,1093.png,917,False,0.0,29.437776373973467,0.0,0.0,1.5792798483891344,13.1396083385976,0.0,0.12634238787113075,0.0,8.654453569172457,0.0,0.0,20.151610865445356,0.12634238787113075,21.920404295641188,4.864181933038535
42,darkrai,Dark,,603.png,491,False,0.0,52.362751911049344,0.0,0.0,0.03474635163307853,28.66574009728978,0.0,3.5441278665740095,0.0,0.10423905489923557,0.8686587908269632,2.258512856150104,3.439888811674774,0.27797081306462823,8.443363446838081,0.0
43,uxie,Psychic,,589.png,480,False,0.0,34.44613050075873,0.0,0.0,0.0,32.47344461305007,0.0,0.4552352048558422,1.3657056145675266,2.4279210925644916,0.07587253414264036,0.0,25.948406676783005,0.2276176024279211,2.579666160849772,0.0
44,torracat,Fire,,877.png,726,False,0.0,32.99798792756539,0.0,0.0,0.6036217303822937,8.299798792756539,0.0,9.557344064386317,0.05030181086519115,17.0523138832998,0.0,16.901408450704224,0.45271629778672035,12.072434607645874,0.1006036217303823,1.9114688128772637
45,aron,Steel,Rock,377.png,304,False,2.6506024096385543,36.02409638554217,0.0,0.0,0.0,15.180722891566264,0.0,0.12048192771084339,0.9036144578313252,0.0,0.06024096385542169,0.0,14.698795180722893,1.6265060240963853,28.734939759036145,0.0
46,caterpie,Bug,,14.png,10,False,0.0,35.360908353609084,0.0,0.0,3.32522303325223,40.30819140308191,0.0,2.2708840227088403,0.0,6.244931062449311,0.0,0.0,12.489862124898622,0.0,0.0,0.0
47,hoothoot,Normal,Flying,217.png,163,False,0.0,38.83431565160445,0.0,0.0,0.0,36.73870333988212,0.0,3.143418467583497,0.06548788474132286,2.8159790438768826,0.0,0.0,17.94368041912246,0.0,0.45841519318926005,0.0
48,squirtle,Water,,10.png,7,False,0.0,22.872755659640905,0.0,0.0,0.078064012490242,32.08430913348946,0.0,1.405152224824356,0.624512099921936,0.312256049960968,0.0,0.0,37.548790007806396,4.683840749414521,0.39032006245121,0.0
49,carracosta,Water,Rock,688.png,565,False,5.045625335480408,23.778851315083198,0.0,0.0,0.0,14.975845410628018,0.0,0.0,10.896403650026839,0.0,0.0,0.0,0.1610305958132045,45.14224369296833,0.0,0.0
50,chatot,Normal,Flying,541.png,441,False,0.0,46.44808743169399,0.0,0.0,1.092896174863388,21.420765027322407,0.0,2.841530054644809,0.546448087431694,6.448087431693988,0.4371584699453552,0.0,7.759562841530054,9.726775956284154,1.530054644808743,1.7486338797814207
51,sandile,Ground,Dark,669.png,551,False,0.0,42.81867145421903,0.0,0.0,0.0,35.45780969479353,0.0,2.154398563734291,0.0,3.321364452423698,0.08976660682226212,0.0,16.15798922800718,0.0,0.0,0.0
52,bunnelby,Normal,,794.png,659,False,0.0,30.236486486486484,0.0,0.0,0.0,22.466216216216218,0.0,9.375,0.0,15.54054054054054,0.0,0.0,22.04391891891892,0.0,0.33783783783783783,0.0
53,gholdengo,Steel,Ghost,1185.png,1000,False,0.0,34.30983118172791,0.0,0.0,0.0,11.519364448857994,0.0,2.8798411122144985,0.09930486593843098,19.314796425024827,0.0,0.0,7.000993048659384,0.19860973187686196,0.04965243296921549,24.627606752730884
54,chesnaught,Grass,Fighting,786.png,652,False,0.0,30.884603611876337,0.0,0.0,1.6222834404652589,31.588613406795226,0.0,6.152433425160698,0.0,3.5200489745944292,0.0,0.0,23.109886746250382,0.0,3.1221303948576673,0.0
55,mismagius,Ghost,,529.png,429,False,0.0,34.83647175421209,0.0,0.0,0.0,44.697720515361745,0.0,1.734390485629336,1.3875123885034688,0.4955401387512388,10.158572844400396,0.0,6.689791873141725,0.0,0.0,0.0
56,groudon,Ground,,473.png,383,False,0.0,27.776531299080098,0.0,0.0,0.0,23.939869867623962,0.0,33.38568543863585,0.0,0.15705631590756114,2.109041956472964,7.045097599282029,5.0482387256001795,0.02243661655822302,0.5160421808391294,0.0
57,clobbopus,Fighting,,1015.png,852,False,0.0,28.134796238244515,0.0,0.0,0.0,20.532915360501566,0.0,3.683385579937304,3.918495297805643,6.0344827586206895,0.54858934169279,5.094043887147335,13.871473354231975,0.3918495297805642,17.78996865203762,0.0
58,cherubi,Grass,,519.png,420,False,0.0,31.526390870185452,0.0,0.0,15.691868758915833,42.368045649072755,0.0,3.495007132667618,0.0,0.0,2.8530670470756063,0.0,3.851640513552068,0.21398002853067047,0.0,0.0
59,iron thorns,Rock,Electric,1179.png,995,False,2.946451447604407,30.694337688957212,0.0,0.0,1.8959774532410965,34.64002049705355,0.0,1.8191135024340253,0.0,18.652318729182678,0.5636689725851909,0.0,4.125032026646169,4.6630796822956695,0.0,0.0
60,salazzle,Poison,Fire,916.png,758,False,0.0,59.04700579523503,0.0,0.0,0.0643915003219575,24.855119124275596,0.0,1.159047005795235,2.8332260141661303,0.0,11.59047005795235,0.0,0.0,0.4507405022537025,0.0,0.0
61,gorebyss,Water,,453.png,368,False,0.0,34.54415954415954,0.0,0.0,0.0,19.943019943019944,0.0,0.7122507122507122,0.0,0.0,0.4273504273504274,0.0,40.313390313390315,0.0,4.05982905982906,0.0
62,wimpod,Bug,Water,925.png,767,False,0.0,36.48928818244644,0.0,0.0,0.0,43.46924671734623,0.0,0.0,0.0,0.27643400138217,3.5245335176226673,0.0,13.614374568071874,0.0,1.4512785072563925,1.1748445058742225
63,abomasnow,Grass,Ice,562.png,460,False,0.0,20.074601559850798,0.0,0.0,0.23736859952526282,12.580535774838927,0.0,0.0,0.0,0.0,0.0339097999321804,0.0,16.073245167853507,22.617836554764324,28.382502543234995,0.0
64,omanyte,Rock,Water,185.png,138,False,7.898172323759792,23.237597911227155,0.0,0.0,0.0,23.302872062663184,0.0,1.0443864229765014,0.39164490861618795,2.0234986945169715,0.0,0.0,30.809399477806785,7.963446475195822,3.328981723237598,0.0
65,volcarona,Bug,Fire,764.png,637,False,0.0,30.07626310772164,0.0,0.0,0.14299332697807435,45.3765490943756,0.0,6.911344137273594,0.09532888465204957,4.337464251668256,0.14299332697807435,0.0,6.339370829361296,0.47664442326024786,6.1010486177311725,0.0
66,mantyke,Water,Flying,560.png,458,False,0.0,31.84818481848185,0.0,0.0,0.0,18.564356435643564,0.0,0.0,3.7128712871287126,0.08250825082508251,0.0,0.0,16.666666666666664,28.877887788778878,0.24752475247524752,0.0
67,goomy,Dragon,,841.png,704,False,0.0,27.790432801822323,0.0,0.0,4.100227790432802,28.815489749430522,0.0,0.11389521640091116,0.3416856492027335,0.0,1.0250569476082005,0.0,13.895216400911162,0.3416856492027335,23.57630979498861,0.0
68,corphish,Water,,420.png,341,False,0.0,28.049575994781474,0.0,0.0,0.0,28.245270711024133,0.0,7.958251793868232,0.06523157208088715,19.69993476842792,0.0,0.0,11.480756686236138,0.06523157208088715,4.435746901500326,0.0
69,purugly,Normal,,532.png,432,False,0.0,25.10893246187364,0.0,0.0,0.0,48.03921568627451,0.0,0.0,0.7625272331154684,0.0,0.4357298474945534,0.0,16.55773420479303,0.054466230936819175,9.041394335511981,0.0
70,swoobat,Psychic,Flying,642.png,528,False,0.0,39.39641109298532,0.0,0.0,0.0,39.07014681892333,0.0,0.24469820554649263,2.202283849918434,0.0,0.1631321370309951,0.0,8.72756933115824,8.97226753670473,1.2234910277324633,0.0
71,gastrodon,Water,Ground,522.png,423,False,0.0,22.63912310286678,0.0,0.0,0.0,24.78920741989882,0.0,3.372681281618887,0.0,31.365935919055648,0.33726812816188867,0.0,16.020236087689714,0.0,0.08431703204047217,1.391231028667791
72,combusken,Fire,Fighting,322.png,256,False,0.0,29.1350531107739,0.0,0.0,0.0,23.874557410217502,0.0,1.9726858877086493,0.0,19.170460293373797,0.0,0.0,24.430955993930198,0.0,0.9104704097116844,0.5058168942842691
73,naclstack,Rock,,1113.png,933,False,0.0,18.1190681622088,0.0,0.0,0.0,42.148403796376186,0.0,2.8904227782571184,0.0,1.8550474547023295,0.0,0.0,23.51164797238999,0.0,11.259706643658326,0.21570319240724764
74,appletun,Grass,Dragon,1004.png,842,False,0.0,20.206807410598877,0.0,0.0,5.687203791469194,16.80310211115898,0.0,2.972856527358897,0.0,3.4467901766479967,0.6462731581214994,1.3787160706591985,24.730719517449376,23.739767341663075,0.0,0.3877638948728996
75,prinplup,Water,,489.png,394,False,0.0,24.171270718232044,0.0,0.0,0.0,22.65193370165746,0.0,0.1841620626151013,9.714548802946593,7.0902394106813995,0.0,0.0,12.292817679558011,21.36279926335175,0.9208103130755065,1.6114180478821363
76,aerodactyl,Rock,Flying,189.png,142,False,0.0,38.006644518272424,0.0,0.0,0.0,34.6843853820598,0.0,0.53156146179402,0.7308970099667774,0.0,1.4617940199335548,0.0,24.053156146179404,0.0664451827242525,0.46511627906976744,0.0
77,gouging fire,Fire,Dragon,1208.png,1020,False,0.0,27.392428873736186,0.0,0.0,0.8699741359040678,20.244533270632495,0.0,12.532330119915352,0.1881025158711498,26.851634140606627,0.11756407241946862,0.11756407241946862,6.607100869974136,0.25864095932283093,0.11756407241946862,4.702562896778745
78,nidorina,Poison,,42.png,30,False,0.0,26.31261315630658,0.0,0.0,0.0,25.105612552806278,0.0,0.12070006035003018,4.526252263126131,0.0,0.06035003017501509,0.0,28.545564272782137,2.172601086300543,13.15630657815329,0.0
79,cosmoem,Psychic,,949.png,790,False,0.0,22.304027717626678,0.0,0.0,0.0,28.930272845387613,0.0,0.3897791251624079,12.516240796881767,3.46470333477696,0.9527934170636638,0.0,27.15461238631442,4.287570376786488,0.0,0.0
80,honchkrow,Dark,Flying,530.png,430,False,0.0,34.57142857142857,0.0,0.0,0.0,6.761904761904762,0.0,4.142857142857142,21.19047619047619,0.19047619047619047,1.1428571428571428,0.09523809523809523,4.190476190476191,13.904761904761905,13.80952380952381,0.0
81,vespiquen,Bug,Flying,515.png,416,False,0.0,37.58700696055685,0.0,0.0,0.0,12.877030162412991,0.0,3.2869296210363497,0.0,21.655065738592423,0.0,0.30935808197989173,3.596287703016241,0.0,3.4416086620262956,17.246713070378963
82,conkeldurr,Fighting,,649.png,534,False,0.0,17.57981868348443,0.0,0.0,0.07883326763894363,43.61450532124557,0.0,1.0839574300354748,0.0,0.650374458021285,0.3744580212849823,0.0,36.61805281828932,0.0,0.0,0.0
83,houndour,Dark,Fire,291.png,228,False,0.0,53.31230283911672,0.0,0.0,0.47318611987381703,28.62776025236593,0.0,1.8138801261829656,0.0,4.8107255520504735,0.0,0.0,6.230283911671925,0.0,4.73186119873817,0.0
84,wooloo,Normal,,993.png,831,False,0.0,20.2853321444494,0.0,0.0,0.0,23.49531876950513,0.0,2.1845742309407044,0.0,0.4458314757021846,0.08916629514043692,0.0,23.49531876950513,0.0,30.00445831475702,0.0
85,beldum,Steel,Psychic,460.png,374,False,0.0,28.59387274155538,0.0,0.0,0.0,37.5490966221524,0.0,0.3927729772191673,2.7494108405341713,0.0,0.2356637863315004,0.07855459544383347,6.048703849175176,24.351924587588375,0.0,0.0
86,leavanny,Bug,Grass,657.png,542,False,0.0,42.97872340425532,0.0,0.0,8.794326241134751,9.50354609929078,0.0,0.28368794326241137,0.0,28.510638297872344,0.0,0.0,9.408983451536642,0.0,0.5200945626477541,0.0
87,sceptile,Grass,,319.png,254,False,0.0,30.792515134837643,0.0,0.0,22.041827187671988,24.793615850302697,0.0,0.5228398458998349,0.0,20.445789763346177,0.0550357732526142,0.7154650522839846,0.13758943313153552,0.0,0.0,0.49532195927352773
88,slowpoke,Water,Psychic,106.png,79,False,0.0,26.25838926174497,0.0,0.0,0.0,28.02013422818792,0.0,0.9228187919463088,0.0,0.16778523489932887,0.0,0.0,40.855704697986575,0.0,3.7751677852348995,0.0
89,whimsicott,Grass,Fairy,662.png,547,False,0.0,13.335607094133698,0.0,0.0,1.1937244201909958,27.455661664392906,0.0,0.2728512960436562,0.0,1.4324693042291952,0.0,0.0,14.529331514324692,0.34106412005457026,41.439290586630285,0.0
90,ledian,Bug,Flying,220.png,166,False,0.0,37.68877216021011,0.0,0.0,0.0,15.955351280367697,0.0,7.616546290216678,0.5909389363099147,0.5909389363099147,7.353906762967827,8.207485226526593,13.000656598818122,1.8384766907419567,7.156927117531188,0.0
91,krabby,Water,,132.png,98,False,0.0,47.987117552334944,0.0,0.0,0.0,15.37842190016103,0.0,6.602254428341385,0.0,18.51851851851852,0.0,1.288244766505636,9.098228663446054,0.0,1.1272141706924315,0.0
92,clamperl,Water,,451.png,366,False,0.0,37.37836290784202,0.0,0.0,0.0,27.59015455065827,0.0,0.17172295363480253,2.7475672581568404,0.0,0.0,0.0,21.350887235260448,9.387521465369204,1.3737836290784202,0.0
93,taillow,Normal,Flying,346.png,276,False,0.0,37.865055387713994,0.0,0.0,0.0,22.860020140986908,0.0,2.2155085599194364,14.803625377643503,1.2084592145015105,1.9133937562940584,0.2014098690835851,5.0352467270896275,12.28600201409869,1.6112789526686808,0.0
94,avalugg,Ice,,858.png,713,False,0.0,21.626984126984127,0.0,0.0,0.0,42.46031746031746,0.0,0.0,0.8928571428571428,0.0,0.0,0.0,28.47222222222222,0.744047619047619,5.803571428571429,0.0
95,haunter,Ghost,Poison,126.png,93,False,0.0,27.539608574091336,0.0,0.0,0.0,61.60298229263746,0.0,0.6989748369058714,4.007455731593663,0.0,4.007455731593663,0.0,0.7455731593662628,0.0,1.3979496738117427,0.0
96,salamence,Dragon,Flying,458.png,373,False,16.430332922318126,31.04192355117139,0.0,0.0,0.0,7.459926017262639,0.0,4.870530209617756,0.6473489519112207,0.0,15.135635018495686,0.5548705302096177,3.1750924784217016,19.790382244143036,0.8939580764488286,0.0
97,teddiursa,Normal,,278.png,216,False,0.0,27.604166666666668,0.0,0.0,0.0,45.65972222222222,0.0,3.8194444444444446,0.0,10.243055555555555,0.0,0.0,10.677083333333332,0.0,1.3888888888888888,0.607638888888889
98,swalot,Poison,,393.png,317,False,0.0,21.19905956112853,0.0,0.0,0.0,39.224137931034484,0.0,0.0,0.6661442006269592,0.0,0.8620689655172413,0.0,38.04858934169279,0.0,0.0,0.0
99,vanillish,Ice,,708.png,583,False,0.0,20.617529880478088,0.0,0.0,0.0,24.50199203187251,0.0,0.0,2.2908366533864544,0.0,0.0,0.0,20.717131474103585,7.171314741035857,24.701195219123505,0.0
100,nidoking,Poison,Ground,46.png,34,False,0.0,21.060663868752385,0.0,0.0,0.0,40.63334605112552,0.0,0.8393742846241892,0.49599389545974815,0.0,2.7851964898893553,0.0,21.9381915299504,5.951926745516978,6.295307134681419,0.0
101,carnivine,Grass,,557.png,455,False,0.0,33.39328537170264,0.0,0.0,18.585131894484412,18.04556354916067,0.0,3.357314148681055,0.0,8.57314148681055,0.0,0.3597122302158274,17.505995203836928,0.05995203836930455,0.1199040767386091,0.0
102,fennekin,Fire,,787.png,653,False,0.0,24.869305451829725,0.0,0.0,0.0,5.974607916355489,0.0,7.617625093353249,0.0,17.923823749066468,0.07468259895444362,15.53398058252427,7.468259895444361,0.0,3.061986557132188,17.475728155339805
103,shedinja,Bug,Ghost,363.png,292,False,0.0,26.223199560197912,0.0,0.0,0.0,33.86476085761407,0.0,0.8246289169873556,0.0,1.9791094007696537,0.0,0.0,34.084661902144035,0.0,3.023639362286971,0.0
104,scream tail,Fairy,Psychic,1169.png,985,False,0.0,23.78662002623524,0.0,0.0,0.0,20.90074333187582,0.0,1.7927415828596416,0.043725404459991256,1.355487538259729,1.3992129427197202,0.0,24.617402710975075,0.0,25.098382160034983,1.0056843025797988
105,sneasel,Dark,Ice,276.png,215,False,0.0,35.564516129032256,0.0,0.0,0.0,45.887096774193544,0.0,7.661290322580645,2.5806451612903225,0.0,2.1774193548387095,1.129032258064516,3.1451612903225805,0.16129032258064516,1.6129032258064515,0.08064516129032258
106,furret,Normal,,216.png,162,False,0.0,20.324283559577676,0.0,0.0,0.0,36.50075414781297,0.0,2.3001508295625945,0.0,4.788838612368025,0.0,0.0,33.44645550527903,0.0,2.6395173453996983,0.0
107,parasect,Bug,Grass,61.png,47,False,0.0,20.920840064620354,0.0,0.0,0.04038772213247173,29.281098546042006,0.0,5.210016155088852,0.0,15.549273021001616,2.1809369951534734,0.0,12.762520193861066,0.0,0.8885298869143781,13.166397415185784
108,linoone,Normal,,333.png,264,False,0.0,26.935804103242884,0.0,0.0,0.0,32.627399073461284,0.0,0.7941760423560555,0.0,0.3970880211780278,0.0,0.0,25.943084050297816,0.1985440105890139,13.103904698874919,0.0
109,glalie,Ice,,446.png,362,False,0.0,28.105039034776436,0.0,0.0,0.0,24.343506032647266,0.0,0.0,8.161816891412348,0.0,0.17743080198722497,0.0,17.246273953158266,0.63875088715401,21.32718239886444,0.0
110,espeon,Psychic,,252.png,196,False,0.0,34.31132844335779,0.0,0.0,0.0,22.167889160554196,0.0,0.40749796251018744,0.44824775876120615,0.0,1.1002444987775062,0.0,32.31458842705786,5.6642216788916055,3.585982070089649,0.0
111,articuno,Ice,Flying,192.png,144,False,0.0,32.761520349815,0.0,0.0,0.03363605785401951,35.38513286242853,0.0,0.16818028927009754,1.7154389505549947,0.0,0.0,0.0,15.909855364951229,9.956273124789774,4.069963000336361,0.0
112,ursaring,Normal,,279.png,217,False,0.0,20.962962962962965,0.0,0.0,0.0,48.96296296296296,0.0,4.555555555555555,0.0,19.25925925925926,0.0,0.0,5.777777777777778,0.0,0.4814814814814815,0.0
113,magnezone,Electric,Steel,565.png,462,False,0.0,27.474293059125966,0.0,0.0,0.0,38.43187660668381,0.0,6.362467866323908,0.3856041131105398,1.4460154241645244,0.09640102827763496,0.09640102827763496,20.886889460154244,0.3856041131105398,3.5025706940874035,0.9318766066838047
114,goodra,Dragon,,844.png,706,False,0.0,23.68528332653893,0.0,0.0,0.7745617611088463,20.994700366897675,0.0,0.0,0.20383204239706482,0.40766408479412963,0.48919690175295555,0.0,37.58662861801875,0.08153281695882593,15.776600081532818,0.0
115,diancie,Rock,Fairy,867.png,719,False,0.0,18.91891891891892,0.0,0.0,0.0,38.780641106222504,0.0,3.331238214959145,0.43997485857950974,0.1257071024512885,1.697045883092395,0.18856065367693275,30.295411690760528,0.0,6.222501571338781,0.0
116,tinkatink,Fairy,Steel,1137.png,957,False,0.0,28.25250192455735,0.0,0.0,0.0,42.87913779830639,0.0,2.155504234026174,0.4618937644341801,0.0,7.159353348729793,0.0,18.475750577367204,0.0,0.6158583525789069,0.0
117,melmetal,Steel,,971.png,809,False,0.0,59.761781460383226,0.0,0.0,0.0,26.825479026411188,0.0,0.7767995857068877,0.0,1.3982392542723976,0.0,0.0,11.134127395132056,0.0,0.10357327809425168,0.0
118,glimmet,Rock,Poison,1150.png,969,False,1.4905149051490514,41.734417344173444,0.8130081300813009,0.0,0.0,20.460704607046072,0.0,0.0,5.420054200542006,0.0,0.13550135501355012,0.0,15.040650406504067,12.195121951219512,0.8130081300813009,1.8970189701897018
119,walrein,Ice,Water,450.png,365,False,0.0,17.685255920550038,0.0,0.0,0.0,56.837280366692134,0.0,0.1145912910618793,0.5729564553093965,0.0,0.0,0.0,10.847975553857907,6.226126814362108,7.715813598166539,0.0
120,slither wing,Bug,Fighting,1172.png,988,False,0.0,24.74187380497132,0.0,0.0,0.07648183556405354,16.978967495219884,0.0,9.94263862332696,2.638623326959847,4.818355640535373,0.3824091778202677,14.187380497131933,13.307839388145315,0.6883365200764818,12.237093690248566,0.0
121,relicanth,Water,Rock,454.png,369,False,0.0,27.34567901234568,0.0,0.0,0.0,45.4320987654321,0.0,3.3950617283950617,0.0,0.30864197530864196,0.0,0.0,23.51851851851852,0.0,0.0,0.0
122,charizard,Fire,Flying,7.png,6,False,0.0,25.468164794007492,0.0,0.0,0.12484394506866417,3.3957553058676657,0.0,3.5955056179775284,0.299625468164794,24.91885143570537,0.0,0.4993757802746567,7.740324594257178,20.59925093632959,0.149812734082397,13.208489388264669
123,pawmi,Electric,,1097.png,921,False,0.0,20.855937311633514,0.0,0.0,0.18083182640144665,3.9783001808318263,0.0,2.652200120554551,0.0,51.47679324894515,0.0,0.0,6.027727546714889,1.3863773357444245,5.063291139240507,8.378541289933695
124,igglybuff,Normal,Fairy,228.png,174,False,0.0,29.47103274559194,0.0,0.0,0.0,20.025188916876573,0.0,0.7556675062972292,0.0,0.0,0.12594458438287154,0.0,19.521410579345087,0.0,30.100755667506295,0.0
125,mienfoo,Fighting,,745.png,619,False,0.0,32.748538011695906,0.0,0.0,0.0,33.83458646616541,0.0,3.341687552213868,0.0,1.1695906432748537,0.9189640768588136,0.0,15.037593984962406,0.0,12.949039264828738,0.0
126,meltan,Steel,,970.png,808,False,0.0,34.504293520686964,0.0,0.0,0.0,30.44496487119438,0.0,0.546448087431694,0.0,7.338017174082748,0.0,0.0,19.828259172521467,0.0,7.338017174082748,0.0
127,remoraid,Water,,286.png,223,False,0.0,34.0,0.0,0.0,0.2142857142857143,22.214285714285715,0.0,0.07142857142857142,0.0,0.0,0.0,0.0,34.714285714285715,0.6428571428571428,8.142857142857144,0.0
128,regieleki,Electric,,1064.png,894,False,0.0,17.40271097507652,0.0,0.0,0.043725404459991256,8.132925229558372,0.0,1.355487538259729,1.1368605159597727,30.21425448185396,0.0,0.0,12.855268911237431,1.3117621337997376,6.864888500218627,20.682116309575864
129,ribombee,Bug,Fairy,897.png,743,False,0.0,24.60122699386503,0.0,0.0,0.06134969325153375,16.134969325153374,0.0,1.7791411042944787,0.06134969325153375,5.950920245398773,0.0,0.0,11.595092024539877,0.0,36.13496932515338,3.6809815950920246
130,steelix,Steel,Ground,265.png,208,False,0.0,23.60916316035531,0.0,0.0,0.0,45.39504441327723,0.0,0.04675081813931744,1.0752688172043012,0.0,0.0,0.0,29.640018700327253,0.04675081813931744,0.18700327255726976,0.0
131,wattrel,Electric,Flying,1120.png,940,False,0.0,30.876330876330876,0.0,0.0,0.16380016380016382,24.242424242424242,0.0,2.375102375102375,3.8493038493038494,12.285012285012286,0.08190008190008191,0.0,11.138411138411138,5.159705159705159,0.9828009828009828,8.845208845208845
132,deino,Dark,Dragon,760.png,633,False,0.0,42.32749742533471,0.0,0.0,0.0,48.19773429454171,0.0,5.355303810504634,1.4418125643666324,0.7209062821833162,0.30895983522142123,0.0,0.0,1.6477857878475797,0.0,0.0
133,beautifly,Bug,Flying,337.png,267,False,0.4955947136563877,32.32378854625551,0.0,0.0,0.0,34.52643171806167,0.0,3.0837004405286343,0.3303964757709251,12.444933920704845,0.16519823788546256,0.0,2.2577092511013213,2.2577092511013213,4.0198237885462555,8.094713656387666
134,raging bolt,Electric,Dragon,1209.png,1021,False,0.03944773175542406,29.428007889546354,0.0,0.0,0.27613412228796846,21.65680473372781,0.0,3.5108481262327413,0.591715976331361,11.992110453648914,0.27613412228796846,2.4063116370808677,13.530571992110454,1.9329388560157792,8.44181459566075,5.9171597633136095
135,ninetales,Fire,,51.png,38,False,0.0,16.637695555003727,0.0,0.0,0.0,23.640427116960517,0.0,0.7698038241867395,0.0,3.7993543580829403,0.0,0.0,44.1768065557487,0.0,9.684628755897691,1.2912838341196922
136,charmander,Fire,,5.png,4,False,0.0,30.05380476556495,0.0,0.0,0.0,3.996925441967717,0.0,6.379707916986933,0.0,26.518063028439663,0.15372790161414296,0.8455034588777863,10.684089162182936,0.5380476556495004,0.15372790161414296,20.67640276710223
137,donphan,Ground,,296.png,232,False,0.0,23.239942528735632,0.0,0.0,0.0,56.32183908045977,0.0,0.07183908045977011,3.915229885057471,0.0,0.035919540229885055,0.0,13.182471264367814,1.903735632183908,1.329022988505747,0.0
138,quagsire,Water,Ground,251.png,195,False,0.0,17.794892582083502,0.0,0.0,0.0,33.31982164572355,0.0,0.0,1.783542764491285,0.0,0.12160518848804217,0.0,42.07539521686259,4.904742602351034,0.0,0.0
139,silcoon,Bug,,336.png,266,False,0.0,26.98706099815157,0.0,0.0,0.0,14.232902033271719,0.0,0.09242144177449169,0.0,0.0,0.09242144177449169,0.0,21.534195933456562,0.0,37.06099815157117,0.0
140,samurott,Water,,616.png,503,False,0.0,31.905370843989772,0.0,0.0,0.0,20.30051150895141,0.0,0.6713554987212277,4.923273657289003,1.278772378516624,0.0,0.0,10.61381074168798,26.66240409207161,3.644501278772379,0.0
141,raticate,Normal,,27.png,20,False,0.0,28.507462686567166,0.0,0.0,0.0,18.109452736318406,0.0,2.0895522388059704,0.04975124378109452,19.402985074626866,0.04975124378109452,0.0,17.860696517412936,0.0,11.194029850746269,2.736318407960199
142,arctibax,Dragon,Ice,1181.png,997,False,0.0,26.957759848125296,0.0,0.0,0.04746084480303749,50.925486473659234,0.0,0.42714760322733747,1.4238253440911248,2.6103464641670624,0.0,0.0,8.780256288561937,4.224015187470337,4.224015187470337,0.37968675842429994
143,marowak,Ground,,142.png,105,False,0.0,25.038880248833596,0.0,0.0,0.0,27.47537584240539,0.0,1.607050285121825,0.05184033177812338,4.717470191809228,0.0,0.0,16.433385173665112,0.0,24.675997926386728,0.0
144,raikou,Electric,,307.png,243,False,0.0,24.38675875208383,0.0,0.0,0.023815194093831864,28.054298642533936,0.0,0.357227911407478,0.357227911407478,9.692783996189569,0.42867349368897356,0.0,21.528935460824005,0.9764229578471064,2.5482257680400093,11.64562991188378
145,honedge,Steel,Ghost,815.png,679,False,5.945499587118084,41.535920726672174,0.0,0.0,0.0,18.9925681255161,0.0,1.2386457473162675,2.312138728323699,2.8075970272502064,0.0,0.0,3.05532617671346,24.112303881090007,0.0,0.0
146,litwick,Ghost,Fire,732.png,607,False,0.0,27.136258660508084,0.0,0.0,0.0,21.824480369515012,0.0,0.0,0.3464203233256351,0.5773672055427251,0.4618937644341801,0.0,31.293302540415702,0.23094688221709006,18.013856812933028,0.11547344110854503
147,shellos,Water,,521.png,422,False,0.0,26.923076923076923,0.0,0.0,0.0,28.690228690228693,0.0,1.5592515592515594,0.0,3.4303534303534304,1.5592515592515594,0.0,28.794178794178794,0.0,9.043659043659044,0.0
148,volcanion,Fire,Water,871.png,721,False,0.6841817186644773,25.342090859332238,0.0,0.0,0.0,15.353037766830871,0.0,37.08264915161467,0.8210180623973727,8.538587848932677,1.8062397372742198,6.130268199233716,0.027367268746579094,3.1198686371100166,0.0,1.0946907498631637
149,grimer,Poison,,119.png,88,False,0.0,26.629680998613036,0.0,0.0,0.0,41.955617198335645,0.0,0.06934812760055478,0.5547850208044383,0.0,3.259361997226075,0.0,27.045769764216367,0.0,0.48543689320388345,0.0
150,blissey,Normal,,306.png,242,False,0.0,12.803632236095346,0.0,0.0,0.0,17.525539160045405,0.0,0.340522133938706,0.0,0.0,0.11350737797956867,0.0,47.491486946651534,0.0,21.725312145289443,0.0
151,kingler,Water,,133.png,99,False,0.0,35.67501527183873,0.0,0.0,0.0,16.921197312156384,0.0,10.262675626145388,0.0,24.923640806353085,0.0,0.6108735491753208,10.995723885155773,0.0,0.6108735491753208,0.0
152,umbreon,Dark,,253.png,197,False,0.0,38.468992248062015,0.0,0.0,0.14534883720930233,18.313953488372093,0.0,0.8236434108527133,12.015503875968992,0.9205426356589148,0.0,0.04844961240310078,4.505813953488372,24.757751937984494,0.0,0.0
153,venusaur,Grass,Poison,3.png,3,False,19.789558883043302,18.878996357749898,0.0,0.0,4.674220963172805,13.77984621610684,0.0,2.7316875758802106,0.2630513961958721,12.059894779441521,2.185350060704168,0.12140833670578711,6.292998785916633,17.422096317280452,1.4569000404694454,0.3439902873330636
154,munchlax,Normal,,547.png,446,False,0.0,23.82198952879581,0.0,0.0,0.0,56.282722513089,0.0,0.0,1.832460732984293,0.08726003490401396,0.0,0.0,7.504363001745201,7.766143106457242,2.7050610820244327,0.0
155,arctovish,Water,Ice,1049.png,883,False,0.0,18.352730528200535,0.0,0.0,0.0,15.75649059982095,0.0,0.0,0.7609668755595345,0.0,0.0,0.0,39.21217547000895,16.74127126230976,9.176365264100268,0.0
156,lotad,Water,Grass,340.png,270,False,0.0,22.645290581162325,0.0,0.0,3.6072144288577155,51.903807615230455,0.0,0.0,1.2024048096192386,0.2004008016032064,0.0,0.0,5.01002004008016,15.230460921843688,0.2004008016032064,0.0
157,haxorus,Dragon,,737.png,612,False,0.0,31.445150594086762,0.0,0.0,0.0,33.02017131804366,0.0,5.636916275214148,0.027631942525559547,26.94114396242056,0.11052777010223819,1.1329096435479415,1.6855484940591323,0.0,0.0,0.0
158,cinderace,Fire,,977.png,815,False,0.0,33.25537885874649,0.0,0.0,0.0,12.34798877455566,0.0,4.677268475210477,7.623947614593078,5.846585594013097,0.09354536950420954,12.675397567820394,8.793264733395697,0.23386342376052385,12.020579981290926,2.432179607109448
159,zebstrika,Electric,,637.png,523,False,0.0,51.299245599329424,0.0,0.0,0.0,37.7200335289187,0.0,1.8440905280804691,0.16764459346186086,1.0058675607711651,0.0,0.0,4.945515507124895,0.6705783738474435,2.347024308466052,0.0
160,blastoise,Water,,12.png,9,False,0.0,17.316017316017316,0.0,0.0,0.02061430632859204,39.229024943310655,0.0,1.2368583797155226,0.32982890125747266,1.6491445062873633,0.0,0.0,32.96227581941867,1.5873015873015872,5.6689342403628125,0.0
161,gothitelle,Psychic,,701.png,576,False,0.0,62.46472248353716,0.0,0.0,12.323612417685794,12.041392285983067,0.0,0.03135779241141424,0.0,0.0,0.4703668861712135,0.0,4.95453120100345,0.03135779241141424,7.682659140796488,0.0
162,monferno,Fire,Fighting,486.png,391,False,0.0,29.02147971360382,0.0,0.0,0.0,18.806682577565635,0.0,5.536992840095466,0.0477326968973747,19.856801909307876,0.0477326968973747,3.579952267303103,9.976133651551313,3.6754176610978515,0.3341288782816229,9.116945107398568
163,mabosstiff,Dark,,1123.png,943,False,0.0,30.515806988352743,0.0,0.0,0.06655574043261231,52.21297836938435,0.0,3.494176372712146,0.0,8.652246256239602,0.033277870216306155,0.0,4.858569051580699,0.0,0.0,0.16638935108153077
164,gothorita,Psychic,,700.png,575,False,0.0,54.294117647058826,0.0,0.0,0.0,33.05882352941176,0.0,0.2352941176470588,0.0,0.0,0.35294117647058826,0.0,6.588235294117648,0.17647058823529413,5.294117647058823,0.0
165,stantler,Normal,,298.png,234,False,0.0,36.77042801556421,0.0,0.0,0.0,31.1284046692607,0.0,2.529182879377432,0.048638132295719845,3.5505836575875485,2.091439688715953,0.0,21.93579766536965,0.0,1.9455252918287937,0.0
166,chinchou,Water,Electric,224.png,170,False,0.0,36.8780487804878,0.0,0.0,0.0975609756097561,20.585365853658537,0.0,0.0975609756097561,2.341463414634146,4.878048780487805,0.0,0.0,14.926829268292682,7.02439024390244,6.536585365853659,6.634146341463415
167,finizen,Water,,1143.png,963,False,24.050632911392405,23.16455696202532,0.0,0.0,0.0,16.835443037974684,0.0,0.0,0.44303797468354433,0.0,0.0,0.0,22.40506329113924,5.632911392405063,7.468354430379747,0.0
168,ludicolo,Water,Grass,342.png,272,False,0.0,17.386678016599276,0.0,0.0,0.9150883166631198,35.645882102575015,0.0,1.1491806767397317,0.0,5.660778889125346,0.638433709299851,0.0,38.54011491806767,0.0,0.0638433709299851,0.0
169,treecko,Grass,,317.png,252,False,0.0,34.37771975630983,0.0,0.0,2.6979982593559617,32.724107919930375,0.0,0.8703220191470844,0.0,9.573542210617928,0.0,3.2201914708442123,16.187989556135772,0.0,0.0,0.34812880765883375
170,necrozma,Psychic,,959.png,800,False,0.0,65.48993731441767,0.0,0.0,0.3629165291982844,28.406466512702078,0.0,0.0,1.4516661167931375,0.03299241174529858,0.09897723523589574,0.0,1.4516661167931375,0.4948861761794788,2.210491586935005,0.0
171,krokorok,Ground,Dark,670.png,552,False,0.0,36.656346749226,0.0,0.0,0.0,42.414860681114554,0.0,2.291021671826625,0.0,2.2291021671826625,0.5572755417956656,0.0,15.789473684210526,0.0,0.061919504643962855,0.0
172,brionne,Water,,880.png,729,False,25.172964342735497,23.68281000532198,0.0,0.0,0.0,11.761575306013837,0.0,0.15965939329430548,0.4257583821181479,0.0,0.4257583821181479,0.0,10.164981373070782,12.02767429483768,16.17881852048962,0.0
173,silicobra,Ground,,1005.png,843,False,0.0,25.28236316246742,0.0,0.0,0.08688097306689835,44.04865334491747,0.0,1.2163336229365769,0.0,7.7324066029539535,0.0,0.0,12.423979148566463,0.0,9.209383145091225,0.0
174,spectrier,Ghost,,1067.png,897,False,0.0,42.87429943955164,0.0,0.0,10.928742994395517,23.819055244195354,0.0,0.0,13.130504403522819,0.0,7.766212970376301,0.0,1.4811849479583667,0.0,0.0,0.0
175,elgyem,Psychic,,730.png,605,False,0.0,35.65310492505353,0.0,0.0,0.32119914346895073,30.94218415417559,0.0,0.21413276231263384,0.32119914346895073,0.10706638115631692,0.0,0.0,30.83511777301927,1.6059957173447537,0.0,0.0
176,seadra,Water,,157.png,117,False,18.98876404494382,30.280898876404493,0.0,0.0,0.0,12.977528089887642,0.0,0.05617977528089888,1.4606741573033708,0.7303370786516854,0.0,0.0,7.134831460674157,28.20224719101124,0.16853932584269662,0.0
