,filename,aqua,black,blue,fuchsia,green,gray,lime,maroon,navy,olive,purple,red,silver,teal,white,yellow,Name
0,abomasnow_1.png,0.016257519102584946,15.688505933994474,0.016257519102584946,0.0,0.16257519102584947,13.022272801170542,0.016257519102584946,0.016257519102584946,1.3981466428223055,0.0,0.04877255730775484,0.016257519102584946,33.116566411965536,27.31263209234271,9.120468216550154,0.04877255730775484,abomasnow
1,abomasnow_10.png,0.32740879326473343,0.5729653882132835,0.3391019644527596,0.0,0.0,5.004677268475211,0.0,0.0,0.1753975678203929,0.0,0.0,0.0,40.586997193638915,25.023386342376053,27.958372310570628,0.011693171188026192,abomasnow
2,abomasnow_11.png,0.010867202782003912,9.976092153879591,0.0,0.0,0.11953923060204304,35.67702673331885,0.0,0.021734405564007825,0.0869376222560313,0.010867202782003912,0.021734405564007825,0.0,18.94153444903282,1.977830906324712,33.15583568789393,0.0,abomasnow
3,abomasnow_12.png,0.054336013910019555,11.69311019343621,0.010867202782003912,0.0,0.0,9.704412084329492,0.0,0.021734405564007825,5.183655727015866,0.021734405564007825,0.021734405564007825,0.0,17.996087806998478,22.234296891980005,33.0580308628559,0.0,abomasnow
4,abomasnow_13.png,0.040625634775543366,10.867357302457851,0.14218972171440178,0.0,0.020312817387771683,13.508023562868171,0.0,0.030469226081657527,1.868779199674995,0.010156408693885842,0.0,0.0,53.32114564290067,9.628275441803778,10.55250863294739,0.010156408693885842,abomasnow
5,abomasnow_14.png,0.040625634775543366,9.821247206987609,0.14218972171440178,0.0,0.0,13.111923623806623,0.0,0.020312817387771683,9.811090798293723,0.010156408693885842,0.0,0.0,53.260207190737354,3.219581555961812,10.55250863294739,0.010156408693885842,abomasnow
6,abomasnow_19.png,0.040625634775543366,10.867357302457851,0.14218972171440178,0.0,0.020312817387771683,13.508023562868171,0.0,0.030469226081657527,1.868779199674995,0.010156408693885842,0.0,0.0,53.32114564290067,9.628275441803778,10.55250863294739,0.010156408693885842,abomasnow
7,abomasnow_2.png,0.0,14.387904405787676,0.09754511461550967,0.016257519102584946,0.03251503820516989,10.16094943911559,0.0,0.03251503820516989,18.956267273614046,0.04877255730775484,0.04877255730775484,0.016257519102584946,33.08405137376037,13.981466428223053,9.10421069744757,0.03251503820516989,abomasnow
8,abomasnow_20.png,0.040625634775543366,9.821247206987609,0.14218972171440178,0.0,0.0,13.111923623806623,0.0,0.020312817387771683,9.811090798293723,0.010156408693885842,0.0,0.0,53.260207190737354,3.219581555961812,10.55250863294739,0.010156408693885842,abomasnow
9,abomasnow_22.png,0.06135596686777789,16.32068718682892,0.09203395030166685,0.0,0.06135596686777789,16.412721137130585,0.05112997238981491,0.05112997238981491,1.9633909397688925,0.0,0.10225994477962982,0.030677983433888945,18.744247878106147,21.05532263012578,25.03323448205338,0.020451988955925964,abomasnow
10,abomasnow_23.png,0.09203395030166685,15.011759893649657,0.26587585642703754,0.0,0.020451988955925964,10.15441251661724,0.0,0.030677983433888945,10.686164229471316,0.020451988955925964,0.09203395030166685,0.020451988955925964,18.58063196645874,20.073627160241333,24.93097453727375,0.020451988955925964,abomasnow
11,abomasnow_25.png,0.040625634775543366,10.806418850294536,0.14218972171440178,0.0,0.020312817387771683,13.538492788949826,0.0,0.040625634775543366,1.8992484257566524,0.010156408693885842,0.0,0.0,53.38208409506399,9.52671135486492,10.593134267722933,0.0,abomasnow
12,abomasnow_30.png,0.09203395030166685,14.837917987524287,0.28632784538296346,0.0,0.020451988955925964,10.236220472440944,0.0,0.030677983433888945,10.522548317823908,0.020451988955925964,0.09203395030166685,0.020451988955925964,18.66243992228244,20.073627160241333,25.084364454443193,0.020451988955925964,abomasnow
13,abomasnow_32.png,0.0,14.387904405787676,0.09754511461550967,0.016257519102584946,0.03251503820516989,10.16094943911559,0.0,0.03251503820516989,18.956267273614046,0.04877255730775484,0.04877255730775484,0.016257519102584946,33.08405137376037,13.981466428223053,9.10421069744757,0.03251503820516989,abomasnow
14,abomasnow_34.png,0.0,14.58673636066645,0.0,0.0,0.1633453119895459,18.262005880431232,0.0,0.01633453119895459,1.0944135903299574,0.01633453119895459,0.08167265599477296,0.03266906239790918,19.307415877164324,16.775563541326363,29.663508657301534,0.0,abomasnow
15,abomasnow_38.png,0.0,1.5437138192073623,0.0,0.014843402107763099,0.13359061896986787,31.83909752115185,0.0,0.0445302063232893,0.029686804215526198,0.0,0.0,0.014843402107763099,16.38711592697046,3.013210627875909,46.96452426896245,0.014843402107763099,abomasnow
16,abomasnow_39.png,0.1336104513064133,1.3212589073634204,0.02969121140142518,0.0,0.0,11.475653206650831,0.0,0.02969121140142518,2.746437054631829,0.0,0.01484560570071259,0.02969121140142518,15.216745843230402,20.8729216152019,48.084916864608076,0.04453681710213777,abomasnow
17,abomasnow_4.png,0.0,14.58673636066645,0.0,0.0,0.1633453119895459,18.262005880431232,0.0,0.01633453119895459,1.0944135903299574,0.01633453119895459,0.08167265599477296,0.03266906239790918,19.307415877164324,16.775563541326363,29.663508657301534,0.0,abomasnow
18,abomasnow_5.png,0.0,13.5249918327344,0.01633453119895459,0.0,0.03266906239790918,10.99313949689644,0.0,0.01633453119895459,9.245344658608298,0.01633453119895459,0.06533812479581835,0.03266906239790918,18.735707285200913,17.053250571708592,30.267886311662856,0.0,abomasnow
19,abomasnow_6.png,0.0,13.622999019928129,0.01633453119895459,0.0,0.03266906239790918,11.17281934008494,0.0,0.01633453119895459,9.163672002613525,0.01633453119895459,0.06533812479581835,0.03266906239790918,19.24207775236851,16.97157791571382,29.647174126102584,0.0,abomasnow
20,abomasnow_7.png,0.17642907551164433,0.8939073159256645,0.047047753469771816,0.0,0.0,17.72524111973653,0.0,0.0,0.1058574453069866,0.0,0.0,0.0,33.52152434721242,13.020465772759351,34.49776523171019,0.011761938367442954,abomasnow
21,abomasnow_9.png,0.3058823529411765,0.5529411764705883,0.3058823529411765,0.011764705882352941,0.0,5.105882352941177,0.0,0.0,0.16470588235294117,0.0,0.0,0.0,40.694117647058825,25.176470588235293,27.67058823529412,0.011764705882352941,abomasnow
22,abra_1.png,0.0,23.617021276595747,0.03546099290780142,0.0,0.07092198581560284,0.0,0.0,6.773049645390071,0.07092198581560284,30.49645390070922,0.0,0.1773049645390071,0.0,0.0,0.0,38.75886524822695,abra
23,abra_13.png,0.0,23.30322265625,0.0,0.0,0.0,21.514892578125,0.0,0.0,0.0,0.0,0.0,0.0,16.400146484375,0.0,38.78173828125,0.0,abra
24,abra_14.png,0.0,36.341929321872016,0.04775549188156638,0.0,0.0,4.154727793696275,0.04775549188156638,3.1996179560649476,0.14326647564469913,20.487106017191977,0.0,0.04775549188156638,8.070678127984717,0.04775549188156638,4.441260744985674,22.97039159503343,abra
25,abra_15.png,0.0,4.9072265625,0.0,0.0,0.030517578125,9.088134765625,0.0,0.396728515625,0.244140625,4.45556640625,0.0,0.0,14.24560546875,0.0244140625,61.02294921875,5.584716796875,abra
26,abra_18.png,0.0,6.719970703125,0.0,0.0,0.006103515625,10.308837890625,0.0,0.640869140625,0.45166015625,5.950927734375,0.0,0.0,18.2373046875,0.067138671875,50.32958984375,7.28759765625,abra
27,abra_19.png,0.0,17.78564453125,0.0,0.0,0.0,20.770263671875,0.0,0.0,0.0,0.0,0.0,0.0,16.009521484375,0.0,45.4345703125,0.0,abra
28,abra_2.png,0.03546099290780142,21.099290780141843,0.0,0.0,0.03546099290780142,6.276595744680851,0.0,5.425531914893617,0.0,19.326241134751772,0.5319148936170213,0.28368794326241137,8.581560283687944,0.03546099290780142,0.24822695035460995,38.12056737588653,abra
29,abra_21.png,0.0,11.48681640625,0.0,0.0,0.01220703125,10.38818359375,0.0,1.654052734375,0.396728515625,10.748291015625,2.1484375,0.0,4.6142578125,0.06103515625,43.548583984375,14.94140625,abra
30,abra_22.png,0.0,10.223388671875,0.0,0.006103515625,0.067138671875,13.58642578125,0.0,0.640869140625,0.2685546875,3.03955078125,2.6611328125,0.0,7.183837890625,0.030517578125,44.317626953125,17.974853515625,abra
31,abra_26.png,0.0,11.95068359375,0.0,0.0,0.1220703125,11.24267578125,0.0,0.885009765625,0.494384765625,5.523681640625,3.35693359375,0.0,9.04541015625,0.042724609375,39.044189453125,18.292236328125,abra
32,abra_27.png,0.0,31.2327506899724,0.0,0.5059797608095675,0.09199632014719411,13.891444342226311,0.0,1.1959521619135236,0.8279668813247469,7.773689052437903,6.347746090156393,0.09199632014719411,8.601655933762649,0.0,4.553817847286108,24.885004599816007,abra
33,abra_28.png,0.0,34.77460901563937,0.0,0.045998160073597055,0.0,9.015639374425023,0.0,4.323827046918123,0.9199632014719411,21.021159153633857,3.633854645814168,0.09199632014719411,3.1738730450781967,0.045998160073597055,3.5878564857405704,19.36522539098436,abra
34,abra_3.png,0.0,23.991507430997878,0.042462845010615716,0.0,0.042462845010615716,0.46709129511677283,0.0,7.091295116772824,0.0,31.804670912951167,0.0,0.21231422505307856,1.8683651804670913,0.0,0.6794055201698515,33.8004246284501,abra
35,abra_32.png,0.0,13.14697265625,0.0,0.0244140625,0.08544921875,13.238525390625,0.0,0.98876953125,0.579833984375,6.9580078125,3.2470703125,0.0,6.6650390625,0.048828125,35.31494140625,19.7021484375,abra
36,abra_34.png,0.0,11.48681640625,0.0,0.0,0.01220703125,10.38818359375,0.0,1.654052734375,0.396728515625,10.748291015625,2.1484375,0.0,4.6142578125,0.06103515625,43.548583984375,14.94140625,abra
37,abra_39.png,0.0,23.065693430656932,0.06256517205422316,0.020855057351407715,0.0,0.8759124087591241,0.0,6.214807090719499,0.145985401459854,33.36809176225234,0.04171011470281543,0.5213764337851928,3.3993743482794576,0.0,0.0,32.283628779979146,abra
38,abra_40.png,0.0,21.522419186652762,0.145985401459854,0.10427528675703858,0.10427528675703858,6.569343065693431,0.0,7.778936392075078,0.39624608967674657,18.123044838373307,2.7737226277372264,1.1261730969760166,15.036496350364963,0.0,4.004171011470282,22.314911366006257,abra
39,abra_6.png,0.02072538860103627,2.196891191709845,0.1243523316062176,0.0,0.0,16.352331606217614,0.04145077720207254,0.39378238341968913,0.02072538860103627,0.9533678756476683,0.0,0.2487046632124352,74.98445595854922,0.0,3.3575129533678756,1.305699481865285,abra
40,abra_7.png,0.0,16.676339717546913,0.0,0.0,0.0,27.316695685819308,0.0,0.6964596633778294,0.038692203520990516,9.189398336235248,0.05803830528148578,0.0,22.267363126330046,0.0,1.0640355968272392,22.69297736506094,abra
41,abra_9.png,0.0,7.0068359375,0.0,0.0,0.006103515625,5.6396484375,0.0,1.690673828125,0.25634765625,8.4228515625,0.048828125,0.0,13.275146484375,0.042724609375,56.53076171875,7.080078125,abra
42,absol_1.png,0.0,25.651927437641724,0.02834467120181406,0.0,0.1417233560090703,25.056689342403626,0.0,0.05668934240362812,3.8548752834467117,0.02834467120181406,0.08503401360544217,0.0,36.36621315192744,2.409297052154195,6.320861678004536,0.0,absol
43,absol_10.png,0.024242424242424242,24.703030303030303,0.024242424242424242,0.0,0.048484848484848485,13.224242424242425,0.0,14.387878787878789,0.5212121212121212,3.490909090909091,0.3393939393939394,0.32727272727272727,18.509090909090908,1.7696969696969698,22.60606060606061,0.024242424242424242,absol
44,absol_12.png,0.10761366693570083,17.04331450094162,0.0,0.013451708366962604,0.013451708366962604,11.716437987624428,0.0,15.09281678773204,0.17487220877051385,2.2733387140166803,0.17487220877051385,0.29593758407317733,30.18563357546408,0.2555824589722895,22.598870056497177,0.053806833467850416,absol
45,absol_13.png,0.012121212121212121,26.848484848484848,0.0,0.0,0.1575757575757576,27.866666666666667,0.0,0.12121212121212122,0.2909090909090909,0.012121212121212121,0.024242424242424242,0.07272727272727272,18.618181818181817,4.484848484848484,21.490909090909092,0.0,absol
46,absol_17.png,0.08965393580778196,19.257665411511564,0.14344629729245115,0.0,0.017930787161556393,32.13197059350906,0.0,0.1793078716155639,1.3448090371167294,0.0,0.017930787161556393,0.14344629729245115,21.552806168190784,3.657880580957504,21.463152232383003,0.0,absol
47,absol_18.png,0.2868925945849023,11.655011655011654,0.03586157432311279,0.16137708445400753,0.03586157432311279,18.181818181818183,0.0,18.325264479110633,0.25103102026178953,1.506186121570737,2.0441097364174285,0.6096467634929172,20.692128384436074,0.07172314864622557,26.125156894387665,0.017930787161556393,absol
48,absol_19.png,0.0,15.770656779661016,0.211864406779661,0.0,0.013241525423728813,22.08686440677966,0.0,0.0,1.3241525423728813,0.026483050847457626,0.0,0.07944915254237289,49.89406779661017,2.211334745762712,8.381885593220339,0.0,absol
49,absol_21.png,0.05742725880551302,24.82771822358346,0.32542113323124044,0.0,0.17228177641653905,30.666156202143952,0.0,0.22970903522205208,2.201378254211332,0.019142419601837674,0.0765696784073507,0.09571209800918837,21.707503828483922,5.111026033690658,14.509954058192957,0.0,absol
50,absol_23.png,0.0,15.677966101694915,0.211864406779661,0.0,0.026483050847457626,22.126588983050848,0.0,0.0,1.3373940677966103,0.0,0.0,0.07944915254237289,49.82786016949153,2.2378177966101696,8.47457627118644,0.0,absol
51,absol_24.png,0.0926906779661017,11.38771186440678,0.11917372881355932,0.13241525423728812,0.0,9.626588983050848,0.013241525423728813,15.29396186440678,0.5164194915254238,1.0858050847457628,1.840572033898305,0.0926906779661017,43.9353813559322,0.0,15.86334745762712,0.0,absol
52,absol_27.png,0.0,25.651927437641724,0.02834467120181406,0.0,0.1417233560090703,25.056689342403626,0.0,0.05668934240362812,3.8548752834467117,0.02834467120181406,0.08503401360544217,0.0,36.36621315192744,2.409297052154195,6.320861678004536,0.0,absol
53,absol_29.png,0.0,30.896358543417367,0.08403361344537816,0.0,0.08403361344537816,26.862745098039216,0.0,0.19607843137254902,4.145658263305322,0.028011204481792715,0.2801120448179272,0.11204481792717086,19.88795518207283,2.380952380952381,15.042016806722689,0.0,absol
54,absol_31.png,0.0,1.823238566131026,0.12360939431396785,0.0,0.0,31.520395550061803,0.0,0.15451174289245984,0.7416563658838072,0.0,0.0927070457354759,0.030902348578491962,24.134734239802224,1.2360939431396787,40.11124845488257,0.030902348578491962,absol
55,absol_33.png,0.0,20.761494252873565,0.08210180623973727,0.0,0.03078817733990148,24.794745484400657,0.0,0.13341543513957307,2.7811986863711002,0.03078817733990148,0.08210180623973727,0.010262725779967159,14.23440065681445,0.9339080459770116,36.1247947454844,0.0,absol
56,absol_34.png,0.0,18.187579214195186,0.0,0.021123785382340516,0.04224757076468103,21.60963244613435,0.0,5.048584706379383,0.5069708491761723,0.9083227714406422,0.9928179129700043,0.11618081960287283,14.74440219687368,0.23236163920574565,37.57921419518377,0.010561892691170258,absol
57,absol_36.png,0.0,7.529493407356003,0.0,0.0,0.0,33.10201249132547,0.0,0.0,0.659264399722415,0.0,0.24288688410825815,0.0,20.81887578070784,0.9715475364330326,36.67591950034698,0.0,absol
58,absol_37.png,0.0,7.251908396946565,0.0,0.0,0.0,29.00763358778626,0.0,1.8736988202637055,0.0,1.3879250520471893,0.38167938931297707,0.0,19.430950728660655,0.03469812630117974,40.63150589868147,0.0,absol
59,absol_38.png,0.05042864346949068,52.64750378214826,0.0,0.0,0.0,21.78517397881997,0.0,0.2521432173474533,0.9077155824508321,0.10085728693898136,0.0,0.2017145738779627,12.153303076147251,0.30257186081694404,11.598587997982854,0.0,absol
60,absol_4.png,0.05602240896358543,22.941176470588236,0.0,0.08403361344537816,0.028011204481792715,16.582633053221286,0.028011204481792715,13.473389355742297,0.7563025210084033,1.1204481792717087,2.857142857142857,0.5322128851540616,22.016806722689076,0.2801120448179272,19.2436974789916,0.0,absol
61,absol_7.png,0.0,14.333472628499791,0.041788549937317176,0.0,0.0,24.8223986627664,0.0,0.041788549937317176,1.5879648976180525,0.0,0.041788549937317176,0.020894274968658588,11.262014208106978,1.6088591725867112,46.23903050564145,0.0,absol
62,accelgor_11.png,0.02973535533749628,17.157300029735357,0.20814748736247396,0.47576568539994046,0.47576568539994046,51.50163544454356,0.05947071067499256,3.3600951531370797,11.507582515611062,0.8325899494498958,4.579244721974428,0.9217960154623848,2.616711269699673,6.066012488849242,0.20814748736247396,0.0,accelgor
63,accelgor_12.png,0.0,31.93577163247101,0.0,0.535236396074933,0.0,43.05679452869462,0.0,1.9030627415997619,0.11894142134998512,7.106749925661612,1.784121320249777,0.17841213202497772,1.9625334522747548,0.11894142134998512,0.14867677668748142,11.150758251561106,accelgor
64,accelgor_13.png,0.06430868167202572,6.045016077170418,0.06430868167202572,0.03215434083601286,0.0,48.745980707395496,0.0,1.8327974276527332,1.5112540192926045,0.0,1.3183279742765275,0.06430868167202572,34.21221864951768,1.0932475884244373,5.016077170418006,0.0,accelgor
65,accelgor_17.png,0.0,42.552797332345314,0.018525379770285292,0.037050759540570584,0.2593553167839941,36.865505742867725,0.018525379770285292,0.7410151908114117,0.8706928492034086,0.2593553167839941,0.6113375324194146,0.0,16.691367173027047,0.6298629121896998,0.444609114486847,0.0,accelgor
66,accelgor_18.png,0.0,10.230547550432277,0.0,0.0,0.07204610951008646,52.55763688760807,0.0,2.5576368876080693,1.2968299711815563,0.0,0.8645533141210375,0.0,31.015850144092216,1.3328530259365994,0.07204610951008646,0.0,accelgor
67,accelgor_19.png,0.0,14.409221902017292,0.0,1.5489913544668588,0.0,52.017291066282425,0.0,1.260806916426513,0.1440922190201729,5.727665706051873,1.6930835734870315,0.0,7.636887608069164,0.0,0.07204610951008646,15.489913544668587,accelgor
68,accelgor_2.png,0.028694404591104734,35.98278335724533,0.0,0.2869440459110474,0.028694404591104734,37.84791965566715,0.0,2.6398852223816354,0.05738880918220947,16.958393113342897,1.951219512195122,0.1434720229555237,0.45911047345767575,0.028694404591104734,0.11477761836441894,3.472022955523673,accelgor
69,accelgor_20.png,0.0,42.96422487223169,0.06814310051107325,0.0,0.44293015332197616,32.91311754684838,0.0,1.737649063032368,1.4310051107325383,0.20442930153321978,0.20442930153321978,0.0,16.933560477001702,1.805792163543441,1.2606473594548553,0.034071550255536626,accelgor
70,accelgor_6.png,0.09321401938851603,2.7404921700223714,0.018642803877703205,2.7777777777777777,0.0,50.5779269202088,0.0,0.14914243102162564,0.11185682326621924,0.4847129008202834,0.05592841163310962,0.22371364653243847,20.730797912005965,0.0,1.864280387770321,20.17151379567487,accelgor
71,accelgor_9.png,0.0860832137733142,19.368723098995698,0.1434720229555237,0.2582496413199426,0.2582496413199426,41.17647058823529,0.0,4.074605451936873,11.994261119081779,0.7173601147776184,14.375896700143473,0.6599713055954088,0.9182209469153515,5.88235294117647,0.0860832137733142,0.0,accelgor
72,aegislash-shield_1.png,0.0,28.918269230769234,0.02403846153846154,0.0,0.0,34.80769230769231,0.0,1.4423076923076923,6.442307692307692,13.509615384615383,1.1778846153846154,0.0,10.841346153846153,0.04807692307692308,2.620192307692308,0.16826923076923078,aegislash-shield
73,aegislash-shield_10.png,0.1072961373390558,9.03969957081545,0.02682403433476395,0.0,0.2145922746781116,41.81866952789699,0.0,4.238197424892705,0.9656652360515022,10.515021459227468,1.6630901287553648,1.9581545064377683,11.507510729613733,0.26824034334763946,5.606223175965665,12.070815450643776,aegislash-shield
74,aegislash-shield_11.png,0.0,25.380077149988654,0.06807351940095302,0.02269117313365101,0.02269117313365101,30.939414567733152,0.0,1.100521896982074,1.055139550714772,3.6986612207851146,1.9741320626276377,0.02269117313365101,32.97027456319492,0.011345586566825504,2.7002496029044702,0.03403675970047651,aegislash-shield
75,aegislash-shield_12.png,0.022735023303398886,28.80527452540639,0.011367511651699443,0.0,0.05683755825849721,33.488689325906556,0.0,5.217687848130044,0.6820506991019666,10.78776855746277,0.8411958622257588,0.7275207457087643,8.76435148346027,0.011367511651699443,0.06820506991019666,10.514948277821984,aegislash-shield
76,aegislash-shield_14.png,0.0,11.432009626955475,0.0,0.0,0.0,44.103489771359804,0.0,0.842358604091456,0.48134777376654636,4.843561973525872,1.9253910950661854,0.0,33.935018050541515,0.0,2.436823104693141,0.0,aegislash-shield
77,aegislash-shield_16.png,0.0,46.2890625,0.03255208333333333,0.0,0.06510416666666666,33.203125,0.0,0.6184895833333333,2.278645833333333,6.673177083333333,0.26041666666666663,0.0,6.412760416666667,0.09765625,2.408854166666667,1.66015625,aegislash-shield
78,aegislash-shield_2.png,0.0,33.31730769230769,0.02403846153846154,0.0,0.02403846153846154,27.45192307692308,0.0,5.216346153846154,0.04807692307692308,19.97596153846154,0.9375,2.0913461538461537,1.201923076923077,0.09615384615384616,0.07211538461538462,9.54326923076923,aegislash-shield
79,aegislash-shield_3.png,0.020885547201336674,12.74018379281537,0.12531328320802004,0.20885547201336674,0.020885547201336674,27.06766917293233,0.0,1.4828738512949038,0.020885547201336674,2.9866332497911445,0.020885547201336674,0.10442773600668337,50.06265664160401,0.0,4.406850459482039,0.7309941520467835,aegislash-shield
80,aegislash-shield_4.png,0.06265664160401002,2.360066833751044,0.04177109440267335,0.06265664160401002,0.0,55.012531328320804,0.0,1.1278195488721803,0.1670843776106934,3.508771929824561,0.8145363408521302,1.2740183792815372,17.293233082706767,0.04177109440267335,1.3575605680868839,16.875522138680033,aegislash-shield
81,aegislash-shield_6.png,0.018494544109487702,18.235620491954872,0.018494544109487702,0.0,0.0,29.258368781209544,0.0,6.010726835583503,1.0171999260218234,12.705751803218051,1.36859626410209,1.793970778620307,11.33715553911596,0.2034399852043647,0.9987053819123358,17.033475124838173,aegislash-shield
82,aegislash-shield_7.png,0.0,28.918269230769234,0.02403846153846154,0.0,0.0,34.80769230769231,0.0,1.4423076923076923,6.442307692307692,13.509615384615383,1.1778846153846154,0.0,10.841346153846153,0.04807692307692308,2.620192307692308,0.16826923076923078,aegislash-shield
83,aerodactyl_1.png,0.0,19.026915113871638,0.08281573498964803,0.062111801242236024,0.041407867494824016,51.94616977225673,0.020703933747412008,0.0,7.0186335403726705,0.0,6.625258799171843,0.0,13.768115942028986,0.0,1.4078674948240166,0.0,aerodactyl
84,aerodactyl_10.png,0.0,11.114501953125,0.0,0.0,0.0,17.48046875,0.0,0.0,0.0,0.0,0.0,0.0,17.1630859375,0.0,54.241943359375,0.0,aerodactyl
85,aerodactyl_12.png,0.0,8.489990234375,0.0,0.0,0.0,17.620849609375,0.0,0.91552734375,0.48828125,0.048828125,0.262451171875,0.0,24.530029296875,0.030517578125,47.613525390625,0.0,aerodactyl
86,aerodactyl_14.png,0.027457440966501923,34.349258649093905,0.0,0.0,0.0,25.17847336628226,0.0,1.043382756727073,1.3728720483250962,0.0,0.4942339373970346,0.027457440966501923,33.113673805601316,0.3294892915980231,4.063701263042285,0.0,aerodactyl
87,aerodactyl_18.png,0.0,7.1533203125,0.0,0.0,0.0,23.162841796875,0.0,0.0,0.115966796875,0.885009765625,0.0,0.0,21.044921875,0.0,47.637939453125,0.0,aerodactyl
88,aerodactyl_19.png,0.0,14.83154296875,0.0,0.0,0.0,21.087646484375,0.0,0.0,0.0,0.0,0.0,0.0,17.132568359375,0.0,46.9482421875,0.0,aerodactyl
89,aerodactyl_20.png,0.0,35.208866155157715,0.0,0.0,0.36942313157146917,27.706734867860188,0.02841716396703609,0.7104290991759022,0.02841716396703609,31.9693094629156,0.0,0.0,3.410059676044331,0.0,0.17050298380221654,0.3978402955385053,aerodactyl
90,aerodactyl_25.png,0.0,18.02978515625,0.0,0.0,0.0244140625,29.67529296875,0.0,0.7080078125,0.048828125,0.909423828125,0.08544921875,0.0,6.640625,0.0,43.878173828125,0.0,aerodactyl
91,aerodactyl_29.png,0.0,9.173583984375,0.0,0.0,0.0244140625,26.495361328125,0.0,0.96435546875,0.03662109375,3.02734375,0.457763671875,0.0,4.98046875,0.030517578125,54.8095703125,0.0,aerodactyl
92,aerodactyl_3.png,0.0,18.096787311915413,0.18300122000813338,0.06100040666937779,0.06100040666937779,42.49694997966653,0.0,0.5490036600244002,10.7157381049207,0.0,6.649044326962179,0.12200081333875558,19.27612850752338,0.12200081333875558,1.667344448962993,0.0,aerodactyl
93,aerodactyl_33.png,0.0,45.475596722479516,0.0,0.0,0.0,32.86426790167439,0.0,3.2062700391877446,0.035625222657641606,9.476309226932669,1.1221945137157108,0.017812611328820803,5.165657285358034,0.0,2.582828642679017,0.053437833986462416,aerodactyl
94,aerodactyl_34.png,0.0,9.173583984375,0.0,0.0,0.0244140625,26.495361328125,0.0,0.96435546875,0.03662109375,3.02734375,0.457763671875,0.0,4.98046875,0.030517578125,54.8095703125,0.0,aerodactyl
95,aerodactyl_35.png,0.0,7.14111328125,0.0,1.739501953125,0.091552734375,26.2939453125,0.0,0.08544921875,2.20947265625,0.03662109375,4.1259765625,0.0,3.375244140625,0.0,54.901123046875,0.0,aerodactyl
96,aerodactyl_36.png,0.0,15.90576171875,0.0,0.0,0.048828125,23.54736328125,0.0,1.67236328125,0.0244140625,3.094482421875,0.543212890625,0.0,6.34765625,0.03662109375,48.779296875,0.0,aerodactyl
97,aerodactyl_39.png,0.1012248203259439,17.54226136248608,0.12146978439113272,0.020244964065188786,0.05061241016297195,30.70148800485879,0.010122482032594393,0.516246583662314,7.5210041502176335,0.0,6.863042818098998,0.0,24.63812126733475,7.915780949488814,3.998380402874785,0.0,aerodactyl
98,aerodactyl_4.png,0.06100040666937779,17.120780805205367,9.760065067100447,0.22366815778771856,0.08133387555917039,21.28914192761285,0.020333468889792598,1.4030093533956893,14.314762098413988,0.0,10.227734851565677,0.18300122000813338,21.167141114274095,0.06100040666937779,4.06669377795852,0.020333468889792598,aerodactyl
99,aerodactyl_40.png,0.04048992813037757,13.34143131895941,0.4858791375645309,0.49600161959712524,0.0,24.992408138475554,0.020244964065188786,0.6579613321186355,12.592367648547423,0.020244964065188786,13.796943010426158,0.010122482032594393,22.42129770219658,6.984512602490131,4.140095151331106,0.0,aerodactyl
100,aerodactyl_5.png,0.024789291026276646,1.2890431333663859,0.34705007436787305,0.421417947446703,0.04957858205255329,52.60287555775904,0.0,2.3054040654437284,0.0,0.04957858205255329,0.17352503718393653,0.024789291026276646,37.18393653941497,0.024789291026276646,5.5032226078334165,0.0,aerodactyl
101,aerodactyl_8.png,0.0,17.691447736165454,0.0,0.08384572386808273,0.0,36.72442705422023,0.0,1.2017887087758523,2.9066517607602016,0.0,3.9966461710452768,0.027948574622694244,26.80268306316378,7.657909446618222,2.9066517607602016,0.0,aerodactyl
102,aggron_10.png,0.03513086246267346,16.520288073072194,0.0,0.0,0.2020024591603724,28.394519585455825,0.008782715615668365,0.2810468997013877,0.22835060600737747,0.9046197084138415,0.2020024591603724,0.008782715615668365,25.101001229580188,19.27806077639206,8.721236606358685,0.11417530300368874,aggron
103,aggron_11.png,0.0,12.12932234236163,0.0,0.0,0.3639867251900225,38.09014024194411,0.0,0.5352745958676801,0.03211647575206081,1.509474360346858,0.09634942725618242,0.09634942725618242,37.26581736430789,0.08564393533882882,9.795525104378546,0.0,aggron
104,aggron_12.png,0.021410983834707204,10.512793062841236,0.0,0.0,0.18199336259501125,27.994861363879668,0.0,0.17128787067765763,0.11776041109088962,1.0170217321485922,0.053527459586768016,0.06423295150412162,36.69842629268815,12.71812439781608,10.287977732576811,0.16058237876030404,aggron
105,aggron_14.png,0.03513086246267346,16.520288073072194,0.0,0.0,0.2020024591603724,28.394519585455825,0.008782715615668365,0.2810468997013877,0.22835060600737747,0.9046197084138415,0.2020024591603724,0.008782715615668365,25.101001229580188,19.27806077639206,8.721236606358685,0.11417530300368874,aggron
106,aggron_16.png,0.09454774661203907,17.764471057884233,0.0,0.0,0.6093077003886962,15.968063872255488,0.03151591553734636,0.14707427250761634,0.04202122071646181,1.0505305179115454,0.021010610358230906,0.010505305179115453,36.15926042651539,25.412333228280282,2.531778548166824,0.15757957768673178,aggron
107,aggron_17.png,0.011035091591260208,27.03597439858751,0.0,0.0,0.06621054954756124,44.96799823438535,0.0,0.8165967777532553,0.055175457956301036,2.4718605164422867,0.17656146546016332,0.0,15.360847495034207,0.06621054954756124,8.960494372103287,0.011035091591260208,aggron
108,aggron_18.png,0.055175457956301036,21.87155153387773,0.0,0.0,1.2138600750386228,19.642463032443167,0.011035091591260208,0.39726329728536747,0.011035091591260208,1.4235268152725669,0.18759655705142353,0.011035091591260208,16.938865592584417,29.8388876627676,8.154932685941294,0.24277201500772458,aggron
109,aggron_19.png,0.0,19.432130040109776,0.0,0.0,0.031665611146295125,41.41861937935402,0.0,0.3061009077475195,0.031665611146295125,1.0555203715431707,0.0,0.0,34.35718809373021,0.04222081486172683,3.324889170360988,0.0,aggron
110,aggron_2.png,0.03255208333333333,21.728515625,0.0,0.0,3.6458333333333335,19.840494791666664,0.016276041666666664,0.13020833333333331,0.0,1.2858072916666665,0.016276041666666664,0.0,13.932291666666666,33.04036458333333,6.217447916666666,0.11393229166666667,aggron
111,aggron_20.png,0.09499683343888536,16.413341777496306,0.0,0.0,1.013299556681444,16.328900147772853,0.031665611146295125,0.1477728520160439,0.07388642600802195,0.6755330377876293,0.021110407430863416,0.010555203715431708,36.151572725353596,25.84969389909225,3.1876715220603757,0.0,aggron
112,aggron_22.png,0.055175457956301036,21.87155153387773,0.0,0.0,1.2138600750386228,19.642463032443167,0.011035091591260208,0.39726329728536747,0.011035091591260208,1.4235268152725669,0.18759655705142353,0.011035091591260208,16.938865592584417,29.8388876627676,8.154932685941294,0.24277201500772458,aggron
113,aggron_23.png,0.0,19.432130040109776,0.0,0.0,0.031665611146295125,41.43972978678489,0.0,0.31665611146295125,0.031665611146295125,0.8971923158116951,0.0,0.0,34.47329533459996,0.04222081486172683,3.33544437407642,0.0,aggron
114,aggron_24.png,0.09499683343888536,16.371120962634578,0.0,0.0,1.0555203715431707,16.149461684610515,0.031665611146295125,0.1477728520160439,0.04222081486172683,0.6755330377876293,0.021110407430863416,0.010555203715431708,36.3521215959468,25.860249102807686,3.1876715220603757,0.0,aggron
115,aggron_29.png,0.0,34.55710045305421,0.07811279487580065,0.0,0.0,40.165599125136694,0.0,0.359318856428683,0.32807373847836274,1.3591626308389315,0.07811279487580065,0.0468676769254804,14.700827995625684,0.06249023590064052,8.264333697859708,0.0,aggron
116,aggron_3.png,0.0,34.55710045305421,0.07811279487580065,0.0,0.0,40.165599125136694,0.0,0.359318856428683,0.32807373847836274,1.3591626308389315,0.07811279487580065,0.0468676769254804,14.700827995625684,0.06249023590064052,8.264333697859708,0.0,aggron
117,aggron_30.png,0.07811279487580065,26.7614435244493,0.0,0.0,0.9998437744102483,20.965474144664896,0.01562255897516013,0.5155444461802844,0.0468676769254804,1.2654272769879706,0.17184814872676146,0.0,22.855803780659272,18.21590376503671,8.045617872207469,0.06249023590064052,aggron
118,aggron_31.png,0.0,10.151602379581655,0.0,0.0,0.26866244482824797,60.353099213202846,0.0,0.0,0.019190174630589137,0.0,0.3646133179811936,0.0,10.343504125887545,0.05757052389176742,18.441757819996162,0.0,aggron
119,aggron_34.png,0.009196247930844215,22.328489976089756,0.0,0.0,0.8460548096376678,50.26669118999448,0.0,0.34026117344123596,0.0,0.24829869413279382,0.01839249586168843,0.0,6.023542394702961,4.4509839985286,15.46808901967997,0.0,aggron
120,aggron_36.png,0.0,12.263357172907027,0.0,0.0,0.0,65.83929322675641,0.0,0.0,0.0,0.0,0.1472444257467396,0.0,7.614640302902818,0.06310475389145982,14.07236011779554,0.0,aggron
121,aggron_37.png,0.0,7.2601010101010095,0.0,0.0,1.1994949494949494,61.44781144781145,0.0,0.06313131313131314,0.0,0.12626262626262627,0.0,0.0,7.9966329966329965,7.807239057239057,14.0993265993266,0.0,aggron
122,aggron_38.png,0.03808073115003808,48.32444782939832,0.0,0.0,0.0,31.72124904798172,0.0,0.07616146230007616,0.03808073115003808,0.03808073115003808,0.0,0.0,10.31987814166032,0.19040365575019041,9.253617669459253,0.0,aggron
123,aggron_5.png,0.06780427166911515,1.8194146231212567,0.011300711944852526,0.0,0.0,59.54345123742796,0.011300711944852526,0.11300711944852526,0.6780427166911516,0.011300711944852526,0.02260142388970505,0.0,21.143632048819075,1.050966210871285,15.527178212227371,0.0,aggron
124,aggron_6.png,0.10170640750367273,1.1074697705955476,0.0,0.0,0.05650355972426263,56.673070403435425,0.02260142388970505,0.033902135834557576,0.02260142388970505,0.02260142388970505,0.0452028477794101,0.0,16.532941575319246,3.2772064640072327,22.081591140241834,0.02260142388970505,aggron
125,aggron_7.png,0.0,17.045454545454543,0.0,0.0,0.021240441801189464,55.42693288020391,0.0,0.0,1.5293118096856415,0.0,0.010620220900594732,0.0,13.64698385726423,0.9770603228547154,11.342395921835175,0.0,aggron
126,aipom_1.png,0.0,27.565691621219635,0.04957858205255329,0.2478929102627665,0.0,35.29995042141795,0.0,0.495785820525533,3.9167079821517103,3.470500743678731,21.417947446703025,0.0,6.891422905304909,0.0,0.5453644025780863,0.09915716410510658,aipom
127,aipom_10.png,0.0213857998289136,1.1548331907613345,0.1924721984602224,0.6201881950384944,0.0,11.591103507271171,0.0641573994867408,0.0,0.0,0.1283147989734816,0.1283147989734816,0.21385799828913601,81.47989734816082,0.0,2.9726261762189905,1.4328485885372113,aipom
128,aipom_11.png,0.12992637505413598,0.9744478129060199,0.0,0.9527934170636638,0.0,25.59549588566479,0.0,0.151580770896492,0.0,0.043308791684711995,0.4763967085318319,0.5413598960588999,65.28800346470334,0.0,5.825032481593763,0.021654395842355997,aipom
129,aipom_13.png,0.0,16.605301914580263,0.018409425625920472,0.036818851251840944,0.0,37.64727540500736,0.0,0.312960235640648,0.4970544918998527,1.1045655375552283,1.95139911634757,0.0,38.070692194403534,0.11045655375552282,3.6450662739322537,0.0,aipom
130,aipom_14.png,0.0,14.822316332167187,0.0,0.2946050451113975,0.0,20.824894126311914,0.0,2.540968514085804,0.03682563063892469,0.0,5.376542073283005,0.03682563063892469,43.39900570797275,0.1288897072362364,12.539127232553856,0.0,aipom
131,aipom_16.png,0.0,11.7919921875,0.0,19.56787109375,0.341796875,5.94482421875,0.0,0.360107421875,0.494384765625,0.079345703125,11.065673828125,0.0,9.661865234375,0.0244140625,40.667724609375,0.0,aipom
132,aipom_17.png,0.0,33.15917798676419,0.034831069313827935,28.631138975966564,0.0,5.781957506095437,0.0,0.7314524555903866,1.3235806339254614,0.0,16.788575409265064,0.0,11.494252873563218,0.0,2.055033089515848,0.0,aipom
133,aipom_18.png,0.0,37.4085684430512,0.0,0.13932427725531174,0.034831069313827935,2.1595262974573317,0.0,0.4528039010797631,1.9853709508881923,1.497735980494601,39.1501219087426,0.0,14.00208986415883,0.0,2.124695228143504,1.044932079414838,aipom
134,aipom_2.png,0.0,27.495107632093934,0.04892367906066536,0.19569471624266144,0.0,35.46966731898239,0.0,0.4892367906066536,3.9138943248532287,3.4246575342465753,21.477495107632095,0.0,6.8493150684931505,0.0,0.538160469667319,0.09784735812133072,aipom
135,aipom_22.png,0.0,41.20505344995141,0.0,0.1457725947521866,0.0,10.155490767735666,0.0,1.0204081632653061,2.4295432458697768,3.8872691933916426,23.9067055393586,0.0,12.196307094266277,0.0,2.380952380952381,2.672497570456754,aipom
136,aipom_25.png,0.0,14.599609375,0.006103515625,0.0,0.06103515625,7.794189453125,0.0,1.239013671875,9.31396484375,8.270263671875,10.760498046875,0.0,4.571533203125,0.030517578125,39.385986328125,3.96728515625,aipom
137,aipom_26.png,0.0,12.066650390625,0.0,12.164306640625,0.42724609375,10.565185546875,0.0,0.7568359375,0.872802734375,0.28076171875,11.578369140625,0.0,11.627197265625,0.0244140625,39.63623046875,0.0,aipom
138,aipom_27.png,0.0,43.35184580202548,0.2613524991832734,0.3266906239790918,0.0,4.76968311009474,0.0,1.99281280627246,16.66122182293368,12.512250898399216,12.218229336818034,0.0,1.9601437438745508,0.0,1.4047696831100946,4.540999673309376,aipom
139,aipom_28.png,0.0,14.46533203125,0.0,0.0,0.152587890625,3.021240234375,0.0,0.48828125,7.3974609375,8.154296875,20.61767578125,0.0,3.03955078125,0.030517578125,40.460205078125,2.1728515625,aipom
140,aipom_3.png,0.0,23.797719385225584,0.0,1.5369360436291521,0.19831432821021316,7.982151710461081,0.34705007436787305,16.65840356965791,0.0,1.2890431333663859,36.836886465047094,0.991571641051066,8.72583044124938,0.04957858205255329,1.5865146256817053,0.0,aipom
141,aipom_31.png,0.0,10.906982421875,0.0,11.236572265625,0.421142578125,11.12060546875,0.0,0.701904296875,0.860595703125,0.286865234375,11.053466796875,0.0,12.2314453125,0.042724609375,41.1376953125,0.0,aipom
142,aipom_32.png,0.0,42.01457919151756,0.09940357852882703,0.03313452617627568,0.0,5.235255135851558,0.0,1.9218025182239893,12.292909211398277,13.286944996686548,15.009940357852884,0.0,2.4519549370444005,0.0,1.7229953611663356,5.931080185553347,aipom
143,aipom_34.png,0.0,19.90521327014218,0.0,0.30908716257984753,0.0,22.357304759942302,0.0,8.901710282299609,0.0,0.0206058108386565,18.400989078920254,0.8242324335462601,20.688234082011128,0.0,8.592623119719761,0.0,aipom
144,aipom_35.png,0.0,12.82051282051282,0.19723865877712032,0.8192990441511151,0.030344409042633892,11.121225914125322,0.0,0.21241086329843728,1.9875587922925202,1.3503262023972082,24.639660142618723,0.0,43.089060840540135,0.0,2.4882415414959795,1.2441207707479898,aipom
145,aipom_37.png,0.0,21.45064908304142,0.1442406758705955,0.494539460127756,0.0,19.90521327014218,0.0,0.6799917576756644,2.7817844632186275,6.3878013599835155,19.760972594271582,0.0206058108386565,22.419122192458275,0.0,3.5441994642489183,2.4108798681228105,aipom
146,aipom_38.png,0.0,19.90521327014218,0.0,0.30908716257984753,0.0,22.39851638161962,0.0,8.901710282299609,0.0,0.0206058108386565,18.400989078920254,0.8242324335462601,20.667628271172468,0.0,8.572017308881104,0.0,aipom
147,aipom_39.png,0.0,18.52749917337154,0.033065138322495316,1.9618648738013889,0.011021712774165107,6.304419706822441,0.0,0.5069987876115949,2.2263859803813513,1.5871266394797752,52.90422131599251,0.15430397883831148,5.025901025019288,0.0,0.8156067452882177,9.941584922296926,aipom
148,aipom_4.png,0.04892367906066536,23.874755381604697,0.0,1.5655577299412915,0.09784735812133072,8.12133072407045,0.2446183953033268,16.78082191780822,0.0,1.36986301369863,36.59491193737769,0.9784735812133072,8.7573385518591,0.04892367906066536,1.5166340508806262,0.0,aipom
149,aipom_9.png,0.021654395842355997,1.061065396275444,0.21654395842356,0.5846686877436119,0.0,11.69337375487224,0.06496318752706799,0.0,0.0,0.12992637505413598,0.151580770896492,0.21654395842356,81.5504547423127,0.0,2.858380251190992,1.4508445214378518,aipom
150,alakazam_1.png,0.0,19.733883058470763,0.0,0.0,0.0,3.673163418290855,0.018740629685157422,6.765367316341829,0.13118440779610197,43.62818590704648,0.018740629685157422,0.1874062968515742,3.392053973013493,0.0,2.811094452773613,19.640179910044978,alakazam
151,alakazam_11.png,0.03436426116838488,0.5670103092783505,0.0859106529209622,0.18900343642611683,0.0,19.86254295532646,0.03436426116838488,0.03436426116838488,0.0,7.680412371134021,0.3436426116838488,0.8247422680412372,13.333333333333334,0.0,6.9243986254295535,50.08591065292096,alakazam
152,alakazam_12.png,0.0,0.534147272033575,0.03815337657382679,0.3243037008775277,0.0,20.011446012972147,0.03815337657382679,0.019076688286913394,0.0,7.726058756199923,0.3243037008775277,0.8584509729111025,14.46012972148035,0.0,7.420831743609309,48.24494467760397,alakazam
153,alakazam_14.png,0.0,13.757206918641895,0.0,0.0,0.016015374759769378,23.814862267777066,0.0,1.2171684817424726,0.016015374759769378,11.06662395900064,4.5323510570147345,0.016015374759769378,18.27354260089686,0.0,3.763613068545804,23.526585522101218,alakazam
154,alakazam_15.png,0.0,8.367919921875,0.0,0.0,0.0,5.17578125,0.0,1.3427734375,0.152587890625,6.8115234375,0.08544921875,0.0,14.09912109375,0.01220703125,56.097412109375,7.855224609375,alakazam
155,alakazam_17.png,0.0,32.11289092295957,0.0,0.0,0.0,2.3137554030002545,0.0,1.0424612255275871,0.0,16.069158403254512,0.0,0.0,26.31578947368421,0.0,10.551741673023137,11.594202898550725,alakazam
156,alakazam_18.png,0.0,10.986328125,0.0,0.0,0.0,7.18994140625,0.0,1.666259765625,0.3173828125,10.97412109375,0.03662109375,0.0,13.916015625,0.018310546875,45.5810546875,9.31396484375,alakazam
157,alakazam_19.png,0.0,19.05517578125,0.0,0.0,0.0,21.990966796875,0.0,0.0,0.0,0.0,0.0,0.0,14.19677734375,0.0,44.757080078125,0.0,alakazam
